2 -84.26436095189763 1.6 12.499616647837684
2 -62.01029874305766 1.6 11.661752153834051
2 -43.70772688429056 1.6 11.876999082754981
2 8.153413776631766 1.6 0.0009167741289097604
2 12.460173974343036 1.6 0.05402038222638793
2 17.600225083004034 1.6 2.1951419319187293
2 24.752649956265046 1.6 4.508536371995072
2 34.480801090292985 1.6 2.4622793310867888
2 41.392467649775284 1.6 1.4373614072436964
2 47.11701611507961 1.6 1.1574442959411475
2 52.90327105420636 1.6 0.9299083975427687
2 58.418261809340436 1.6 0.8489133493742356
2 64.17586225612077 1.6 1.9410903592745683
2 70.55454660941491 1.6 0.7270691845859559
2 75.58819612073549 1.6 0.903253985202069
2 80.82782076217717 1.6 0.6203766268443385
2 85.91280523764597 1.6 0.27214048621057657
2 90.60623749500985 1.6 0.8796855484440864
2 95.93644359400011 1.6 0.6484328715694528
2 100.97342115549085 1.6 0.8723083692576736
2 106.65480104678547 1.6 0.8071003920707973
2 111.97316095626641 1.6 1.1334599482877041
2 117.78333403225567 1.6 0.9504629901746429
2 123.22784854834404 1.6 1.417789488467677
0 -1.6 -117.45932648304026 10.601063438173137
0 -1.6 -100.82802104008529 11.524036768399942
0 -1.6 -9.734103889550344 7.851134427184233
0 -1.6 13.035530857747318 1.7065089618895215
0 -1.6 19.058374165136655 0.6582976329934924
0 -1.6 24.37041618807355 0.5824958828206828
0 -1.6 29.22780756151427 0.36957242267721335
0 -1.6 34.178482550601885 1.1211118511728342
0 -1.6 40.04391078527685 1.9994595735654652
0 -1.6 46.774611774617355 1.9490731010595659
0 -1.6 53.333244658926716 1.2761091884335523
0 -1.6 58.89950934291623 0.882018261142199
0 -1.6 64.30506015760615 0.4796685420199142
0 -1.6 70.79124857514141 2.6764115876220864
0 -1.6 78.23202169869865 2.5754082076025098
0 -1.6 85.34776885410615 1.4715351223717488
0 -1.6 91.4107374529477 2.9798860604934694
0 -1.6 99.16733059412802 2.708763256013092
0 -1.6 106.70088040462977 1.5862204329540934
0 -1.6 113.66863791354953 1.2963815858143142
0 -1.6 121.56995437873238 5.368665930213252
0 -1.6 148.0008 10.0
1 1.6 137.2921521316224 11.71384985127952
1 1.6 118.84777528970154 12.105808712477991
1 1.6 27.692367815521568 10.199790880938906
1 1.6 8.311557616056628 8.09748793274718
1 1.6 -16.49571481530114 2.7760502419010193
1 1.6 -23.86195398462148 1.2204026914410737
1 1.6 -29.38075881359704 0.16861818565424125
1 1.6 -34.00859897994569 1.1186069348616974
1 1.6 -39.71005105920534 1.7975495792892437
1 1.6 -46.661787670407264 1.617561254336379
1 1.6 -52.7278462578832 2.0545919841625198
1 1.6 -59.349629263290225 1.7403943105795192
1 1.6 -66.25995939013559 1.2749507148672194
1 1.6 -71.87327781584321 1.872525712039475
1 1.6 -78.80073424511842 1.7109938418316082
1 1.6 -84.98410050459937 1.708395435922555
1 1.6 -91.3334241881571 3.178471590393811
1 1.6 -99.85366451483102 1.2847997327370915
1 1.6 -105.72760890961601 0.917503043399608
1 1.6 -111.57904556330621 0.9309100558845645
1 1.6 -119.09509252809183 2.7591649973424435
1 1.6 -138.9468065150877 9.510497358101155
3 80.05467079045538 -1.6 12.199603578425013
3 54.218585275995075 -1.6 11.186462088902443
3 -8.152951999999999 -1.6 0.0
3 -12.447856809705485 -1.6 0.016030262271295566
3 -16.830002372690274 -1.6 0.23467369405253066
3 -21.70299539317449 -1.6 0.7251969008941731
3 -26.78295570188402 -1.6 1.5255106954229396
3 -33.844335943317176 -1.6 2.2731516977271338
3 -40.90632522837819 -1.6 0.7357340846063853
3 -45.98461664481937 -1.6 0.3556732244355917
3 -51.10603636522855 -1.6 1.3846410088500503
3 -57.43957901167008 -1.6 0.9630916163073292
3 -63.58120045836607 -1.6 1.3493152726101525
3 -69.7462307126625 -1.6 0.7662504906344589
3 -74.99306901942042 -1.6 1.4693882861657805
3 -80.76754229248121 -1.6 0.32820170319332365
3 -85.42078849148523 -1.6 0.4331915795140491
3 -90.42469389639109 -1.6 0.3378834751090419
3 -95.11883059761789 -1.6 0.5982061037512408
3 -100.3321097244505 -1.6 0.8260646525810336
3 -106.42068653818045 -1.6 1.2069270991947705
3 -112.26769797842596 -1.6 1.7515043586166097
3 -118.94485167106478 -1.6 1.1929223418985524
3 -131.13172410957466 -1.6 7.842949327257256
