0 -1.6 -128.44499583272437 1.2773438763444764
0 -1.6 -121.43570749783211 3.182122830239468
0 -1.6 -113.60371763378774 4.225114052491314
0 -1.6 -105.09585201896358 2.87428159164026
0 -1.6 -98.24382078585774 1.8134598628124228
0 -1.6 -73.04940775630568 11.410577688338488
0 -1.6 -56.60030465166303 12.107835444205678
0 -1.6 7.859051772987527 0.0
0 -1.6 11.934892290491177 0.00841690020697538
0 -1.6 16.013204455363322 0.2600845317216475
0 -1.6 20.415294838568855 0.9773261381908739
0 -1.6 26.860146980577 3.83343560818545
0 -1.6 36.33162523208266 4.630812927438749
0 -1.6 47.517768527106085 5.71508373157889
0 -1.6 62.452940732063496 10.890578893780344
0 -1.6 133.44110676286655 9.132020531954216
0 -1.6 159.20864887219324 3.466478985146164
0 -1.6 168.23262875115677 2.0918431300782028
0 -1.6 175.03974955043753 0.9660668456339793
0 -1.6 180.90404234772558 0.8880309112809559
0 -1.6 186.75251091151358 2.2444320445888657
0 -1.6 194.50159962934805 3.506018130916125
0 -1.6 203.35831044073797 1.3911205381608394
0 -1.6 209.11587279299786 2.412293695391149
0 -1.6 216.3137839318921 0.9905800804959025
0 -1.6 222.1608296495466 1.905818952796114
0 -1.6 229.39012239429638 1.7565234583294977
0 -1.6 236.66912313531384 2.0029507004691807
0 -1.6 243.77697065409197 2.3770081442688555
0 -1.6 250.81624785493815 2.8028110982431427
0 -1.6 257.86610385938263 1.0732475304991018
0 -1.6 263.8394512257391 1.962678481570121
0 -1.6 272.6233788011258 2.963237608057816
0 -1.6 288.8942475629751 9.565706341412707
0 -1.6 -255.93086380956268 10.712000243561594
0 -1.6 -237.25273621639008 10.364608007626877
0 -1.6 -221.47995345834374 9.486404279952467
0 -1.6 -204.3526173795785 10.655067759619932
0 -1.6 -142.06828388288625 0.0
0 -1.6 -137.99877080141627 0.0048866663253304314
0 -1.6 -133.61692944367644 0.847261707074896
9 -80.85445130200581 -1.6 1.7865792254029578
9 -87.08387280571552 -1.6 0.6316067421609715
9 -92.32573456789657 -1.6 1.0432311263870615
9 -97.7626365820883 -1.6 0.5936296257172557
9 -102.9075410899456 -1.6 0.3379417749942908
9 -107.63164510160331 -1.6 0.4735535554674026
9 -112.53778858978666 -1.6 0.6100274666625211
9 -117.49169551330195 -1.6 1.6482194162390245
9 -126.47598521725885 -1.6 6.007624950313979
9 328.0002784727401 -1.6 12.509398399735801
9 265.86969368469886 -1.6 12.845785429468378
9 243.29204437221426 -1.6 11.404829570732385
9 176.7462598045724 -1.6 12.004213486189085
9 159.7740803990476 -1.6 9.838895016250392
9 133.2478680740563 -1.6 2.7535658646824417
9 126.381516010743 -1.6 0.9694588148580006
9 121.40328389185996 -1.6 0.30461433064279886
9 108.52487760149283 -1.6 8.74203140696908
9 86.23362107286643 -1.6 10.712576623333876
9 25.002985923874025 -1.6 11.052836086163703
9 -7.259165251886145 -1.6 5.507115720251564
9 -17.32849026866532 -1.6 3.309101947204568
9 -25.00936605075549 -1.6 0.5907859869839831
9 -30.066687068605418 -1.6 0.5531795793102203
9 -34.97415522532357 -1.6 0.8612645567077064
9 -40.59564565267287 -1.6 1.9676139316494203
9 -47.01999863033703 -1.6 0.7867175165314378
9 -53.292298461294806 -1.6 1.86761667347574
9 -59.365775779717666 -1.6 0.6268023832799793
9 -64.42180151153374 -1.6 0.5329629028520102
9 -69.24517270534301 -1.6 1.2942307143333458
9 -75.21068307955949 -1.6 1.017204926518143
7 -80.61584328005826 148.4 0.534004301631813
7 -85.64488794736138 148.4 0.27544889443993137
7 -90.22468226652502 148.4 0.425869194609107
7 -95.14051047098366 148.4 0.6834638130746495
7 -100.37840260105992 148.4 0.47634996955631526
7 -106.1871007152053 148.4 1.5504592151953338
7 -112.4122256193059 148.4 1.0640329458191242
7 -117.92072804802305 148.4 0.8198305593899922
7 -123.09489264672763 148.4 1.9109840015160673
7 420.9800660696757 148.4 11.838986994624145
7 401.467182958221 148.4 10.792950100830987
7 291.8950954164136 148.4 0.0
7 287.8256748497711 148.4 0.0008070741166634519
7 283.7540529804944 148.4 0.006701126011506247
7 276.4398871458117 148.4 5.679338310310115
7 261.6792138801655 148.4 9.952912957087058
7 246.50690759251063 148.4 12.989958182093687
7 141.8950723329961 148.4 0.0001330511304345717
7 137.82592234684182 148.4 0.00030189288802641564
7 133.71532875954665 148.4 0.2031582795300101
7 129.43649496276515 148.4 0.9440089018173184
7 51.860626374755576 148.4 12.904081022948958
7 33.64426981341621 148.4 12.613185320864432
7 -8.176399461130302 148.4 0.0955368684648899
7 -13.044529865822767 148.4 0.517253238616309
7 -18.380011499615648 148.4 0.6305569772802102
7 -23.617826642464678 148.4 2.173292946447744
7 -30.533906343513436 148.4 1.6353511896703772
7 -36.74709128866536 148.4 0.4320139401556096
7 -41.62094498090116 148.4 0.4120570813961275
7 -46.50581333454765 148.4 0.50727013899957
7 -51.709402366552354 148.4 1.192522625061715
7 -57.69778550032679 148.4 1.3343797548703096
7 -63.3077728450118 148.4 1.1078331392054162
7 -69.18762128424011 148.4 1.9813980342717006
7 -75.79941697499358 148.4 0.5069494490018105
2 148.4 -276.556733958656 11.236198361277701
2 148.4 -258.44263262255845 10.852777054391094
2 148.4 -136.62119099495476 1.5004040206954998
2 148.4 -131.12649494592145 1.0600571035695596
2 148.4 -125.51795164690184 0.8200972065268232
2 148.4 -119.15517331698742 1.9484029525547326
2 148.4 -71.77995897729338 11.868016526219435
2 148.4 -48.50784137366495 11.807430288870819
2 148.4 8.105036429473984 0.009418632296814748
2 148.4 12.195805333325211 0.03278339731383735
2 148.4 16.3288333010496 0.4494011010119293
2 148.4 21.7696769200585 1.1411589626668173
2 148.4 27.19670458225187 2.440433309772359
2 148.4 34.568780498874276 2.0854047499199266
2 148.4 40.80005099541496 0.5194049578453626
2 148.4 45.673248942466046 0.7370527671951337
2 148.4 76.10675403395601 12.312329143402167
2 148.4 96.6988730806184 12.087837055284755
2 148.4 116.44953880056704 10.680033466110155
2 148.4 132.46024486483427 10.213119345375237
2 148.4 165.63421353545112 6.238476909190798
2 148.4 177.6119451045538 3.8366286398865013
2 148.4 186.1853073807303 1.1531363154175225
2 148.4 191.86930631279068 0.9559505353995046
2 148.4 197.24233708136836 0.21079346989272055
2 148.4 202.26645536665166 0.9012501317119223
2 148.4 207.70016228617828 1.610299884914649
2 148.4 213.82881015361673 1.6899201635146086
2 148.4 219.90320880857428 1.7218197888405735
2 148.4 225.97922746030633 1.2843651874727744
2 148.4 231.6253172800655 1.1464679977063152
2 148.4 237.56552961664366 1.869523811420703
2 148.4 244.00864974647558 1.9431532390360018
2 148.4 250.93262471640867 1.5107992418609926
2 148.4 257.2893242120675 2.4607264623299328
2 148.4 264.17715683551336 1.201670463317139
2 148.4 275.2228218658321 6.179528022247138
2 148.4 298.0008 10.0
4 298.4 -299.8359104575279 12.380144319613464
4 298.4 -277.6637881191249 11.183492355903654
4 298.4 -172.99168757924315 10.593156513242905
4 298.4 -118.25198251157359 12.235839675995521
4 298.4 -93.48084642496543 12.507186300821541
4 298.4 -74.77867870070659 11.59828020212785
4 298.4 -56.76098526919215 12.057647120838178
4 298.4 8.106096663641978 0.002497409846541755
4 298.4 12.17870453025003 0.3720618833569634
4 298.4 17.188898402780197 1.1185262969015395
4 298.4 23.45939122412264 2.2231879917610256
4 298.4 31.156127283828184 2.003233807077886
4 298.4 37.90592919519611 3.6269557219125925
4 298.4 45.583172200960334 0.856580259042392
4 298.4 89.22891053975886 12.913449305691756
4 298.4 111.47545840493456 12.069584363955073
4 298.4 129.01637212282927 11.996117559939016
4 298.4 160.23041467767095 6.756221510135972
4 298.4 172.4978570967508 2.907050098548641
4 298.4 180.09687031633675 2.6826626468595505
4 298.4 187.00872598955084 1.3220338999363073
4 298.4 192.98904829431282 0.46289200576855905
4 298.4 198.26335631221198 0.7906566915998161
4 298.4 203.5839014601853 0.8917787675995192
4 298.4 209.12082496019065 1.578774848274865
4 298.4 214.91094171425704 2.3670446060549675
4 298.4 221.58765429857516 0.5865188527669503
4 298.4 226.44017196831334 0.7194163220332772
4 298.4 231.5247012814053 1.1032810704393305
4 298.4 237.12676287278313 1.0035496199898952
4 298.4 242.7137256543788 1.6829007727895884
4 298.4 249.32393981418147 2.3525330156388398
4 298.4 256.6746561723701 0.9125482016582678
4 298.4 262.1485312940784 2.707208950448357
4 298.4 270.869019712099 2.4032522180963753
4 298.4 289.59247745315685 8.83227158281843
6 330.9046353535374 151.6 2.025911303098436
6 337.44885741616247 151.6 2.556267205873665
6 345.76017743952343 151.6 2.5836830906363066
6 352.9127773010764 151.6 2.255407417109823
6 359.62582928841766 151.6 1.0428050516321357
6 365.44517773175176 151.6 0.8279146158028536
6 370.57488661064497 151.6 1.4789486968087702
6 376.30671588352004 151.6 1.8680081777541189
6 382.81616351070375 151.6 0.5129168675588136
6 388.16411679994513 151.6 0.6374276631139828
6 393.2724261510243 151.6 0.6337034299541346
6 398.6011161140098 151.6 1.697083773990626
6 405.14433846006574 151.6 0.7715988813059569
6 410.80018418465386 151.6 1.2741348809194197
6 416.61734083006206 151.6 1.1529497975666405
6 422.28536700361906 151.6 0.4464017558680957
6 438.5152384505486 151.6 9.96382515698674
6 -75.05630031470555 151.6 11.62917839124204
6 -57.017958601897426 151.6 12.440958199934544
6 8.104904000000005 151.6 0.0
6 12.173808000000008 151.6 0.0
6 23.131321929586207 151.6 8.144796354938464
6 38.98368666977697 151.6 12.171136494000462
6 158.1049127171062 151.6 0.00010623067660856525
6 162.17401081495055 151.6 0.0
6 166.24302504838158 151.6 0.0007522018587896176
6 170.32391694647026 151.6 0.14804636341214494
6 174.62234518129327 151.6 0.4112714423201581
6 179.16137170331692 151.6 0.7905031504307996
6 184.26244543598716 151.6 0.6338111230173248
6 189.4497761582103 151.6 2.2693875136843435
6 198.12070239951373 151.6 4.799839082323292
6 209.46644060619622 151.6 7.307700954642801
6 308.1530158173176 151.6 0.0
6 312.44044927555683 151.6 0.002968733025015981
6 316.7429396926766 151.6 0.016254250836827855
6 321.06343340558067 151.6 0.06144225976493217
6 325.59286770278857 151.6 0.6591773166597543
8 206.73501976088082 1.6 2.9904638057084254
8 275.8012950966049 1.6 12.052242979940996
8 308.2038001330571 1.6 5.019595950650572
8 318.52421298988077 1.6 2.035455355765632
8 324.8827772705825 1.6 0.43494507337300986
8 329.5841987951908 1.6 0.005341722467867696
8 333.89500745940484 1.6 0.051221863259602485
8 338.28827695257417 1.6 0.15885133962770798
8 342.97417292132087 1.6 0.26881419707769877
8 347.7519242386059 1.6 0.3031773235051056
8 352.4153187256647 1.6 2.3698780766941794
8 359.414842771772 1.6 1.2647925410961023
8 365.206829344807 1.6 1.215934136776291
8 370.78335385835294 1.6 0.2489094501205233
8 375.37637928602345 1.6 1.5485864331451162
8 381.3708570639942 1.6 0.6092702729895997
8 386.40722256717623 1.6 0.9716312333805797
8 392.03683279906204 1.6 1.6115317072908018
8 398.43126166063576 1.6 2.0497939311443396
8 405.2728341923061 1.6 1.7499657774654813
8 411.84903439983754 1.6 0.9379877122336966
8 417.0871766876526 1.6 1.8624234872426046
8 424.58880327404194 1.6 2.4209654487124874
8 -127.46507091268275 1.6 10.679022932913774
8 -110.65932797302843 1.6 10.485036619372515
8 -20.1179043009522 1.6 9.381319194159008
8 8.633223248323986 1.6 4.848875094717946
8 24.985900245470816 1.6 8.081514739229307
8 39.849629214750465 1.6 9.896180094545429
8 163.44955306490778 1.6 1.075068284268276
8 168.72176238604484 1.6 0.5942272329966685
8 173.4822375771576 1.6 0.34610972958313657
8 177.86417608748832 1.6 0.06530718987868789
8 182.13214827514102 1.6 0.6113378915490832
8 187.5747880431454 1.6 1.726206660831206
8 194.0948570298637 1.6 1.177491875773903
8 199.48811889473063 1.6 3.186543587995355
10 412.29076727048374 -148.4 0.37004867710919415
10 417.0468098627131 -148.4 2.239070531829232
10 424.63599669881364 -148.4 3.322689546191628
10 -26.75811483850968 -148.4 12.256484648142827
10 -7.2967556442817845 -148.4 8.219024402775174
10 69.9014111847115 -148.4 12.044370115782211
10 88.4119801914843 -148.4 11.056593925124112
10 106.8290459957783 -148.4 11.880391901242547
10 158.10542574633965 -148.4 0.0022847730335762186
10 162.1826158161259 -148.4 0.15106624278283037
10 167.244653944964 -148.4 2.6598445171943608
10 221.97150848135055 -148.4 12.94602705669893
10 246.1735264695734 -148.4 12.037153667537495
10 307.4202508293313 -148.4 0.0
10 311.7057484417197 -148.4 0.009679830966545042
10 316.1127409762787 -148.4 0.4341793688680182
10 321.7567910219998 -148.4 1.5327059060670303
10 327.66608580877477 -148.4 1.6722097102570788
10 333.8326812487909 -148.4 3.1789322541969263
10 341.1979106659136 -148.4 1.0956823257324966
10 346.5540676088382 -148.4 0.1804321259568898
10 351.0255519030918 -148.4 0.022713331433943884
10 355.4015272980416 -148.4 0.14618011652388896
10 359.99236067425056 -148.4 0.40282113978022227
10 365.1573935264013 -148.4 0.9889672789482864
10 370.5402243525183 -148.4 1.8712229001843603
10 377.0221915310928 -148.4 1.099039446726239
10 382.43203164698275 -148.4 1.3840710464191592
10 388.10276486046706 -148.4 0.8672749875145209
10 393.2867416957582 -148.4 0.3666450008324673
10 398.0242621638747 -148.4 0.5302903260792573
10 402.9170391134076 -148.4 0.23076913968694746
10 407.5917828103732 -148.4 0.3495430439528189
5 301.6 216.57100813059364 12.587815106841596
5 301.6 194.14004376774412 11.573446975903183
5 301.6 176.0954439711288 10.629433865422062
5 301.6 159.86438964048276 9.338212201224884
5 301.6 131.4950463663894 5.985511535723237
5 301.6 121.16161377661224 2.45456669989719
5 301.6 114.78315299646782 0.9276904021602941
5 301.6 107.23873130573074 4.2154885494039025
5 301.6 96.7126678473516 7.507526675167524
5 301.6 78.26989308852963 10.033533484147616
5 301.6 63.125443033429995 9.92774308748384
5 301.6 48.7636052538444 10.143464509329142
5 301.6 -8.105008302591358 0.02564371758965054
5 301.6 -12.424814024587278 2.1299991012739725
5 301.6 -20.30222158935912 4.71116199385008
5 301.6 -30.093002383527107 6.13919832953311
5 301.6 -46.520291594015745 9.708091896588737
5 301.6 -127.11970494709257 9.306512509472102
5 301.6 -160.44780463561816 3.7138597212001265
5 301.6 -168.5167276045674 1.88844403017516
5 301.6 -174.7447341138645 0.7972249560755866
5 301.6 -180.1813351501918 0.4470353746903476
5 301.6 -186.04421050518118 1.9607882111722175
5 301.6 -192.44140485672227 3.1338307125157483
5 301.6 -201.50405853978066 2.6028785874266824
5 301.6 -208.4033739657209 2.917868470066142
5 301.6 -216.40413095354876 2.330890740018705
5 301.6 -223.0226080704803 1.6107474168603617
5 301.6 -229.56606492199347 3.2626023822222217
5 301.6 -237.13873049114653 2.8833149036160206
5 301.6 -245.2325901948844 2.3932793179401006
5 301.6 -251.98421745827613 2.362261099270756
5 301.6 -258.8423783477755 3.0142556971704186
5 301.6 -266.4305653387759 2.628229663179833
5 301.6 -281.7679176049827 7.378056249504086
3 151.6 210.33763468089165 12.39721637009643
3 151.6 191.70730907298255 11.140798943939934
3 151.6 173.68526061710668 11.446411532285776
3 151.6 140.09879332212884 6.905396063155508
3 151.6 128.33556892710354 4.229801373409501
3 151.6 119.96734605229591 0.9369990239827101
3 151.6 114.77214228604471 0.8062453637996945
3 151.6 109.42030712912198 0.7515084941036336
3 151.6 104.63414538264324 0.8214856569059991
3 151.6 99.53352566850161 0.7904909866953034
3 151.6 94.54886925835756 0.5952106303370501
3 151.6 89.73801168085758 2.6847174343946776
3 151.6 61.88163434023653 12.972398085519671
3 151.6 43.23530765980886 12.09860795627966
3 151.6 -8.111876449231971 0.0274448783110586
3 151.6 -12.417244930820033 0.42750777554160174
3 151.6 -16.933742961256783 0.604765515668696
3 151.6 -21.549582523227144 2.873341414372636
3 151.6 -28.95785356477316 2.109615807093423
3 151.6 -35.290085081890524 0.7995545929205183
3 151.6 -40.28865114981902 0.2789850588382948
3 151.6 -44.75188139432545 0.8082074726167147
3 151.6 -49.66263190723896 0.7476577943731297
3 151.6 -55.66582414322619 3.653346591067155
3 151.6 -64.40462496151824 3.658027399924906
3 151.6 -131.0267158167682 10.196118653635494
3 151.6 -158.11068837076175 4.801827173787667
3 151.6 -167.308550750425 3.448344974364799
3 151.6 -175.08396288089153 0.33007596289539226
3 151.6 -179.7499983444167 0.19348080061262318
3 151.6 -185.22273865108454 1.1789492382336058
3 151.6 -191.35921324422532 3.24610775998737
3 151.6 -200.05601514120923 2.757638609290076
3 151.6 -208.02520653590452 3.0666689892736607
3 151.6 -216.26191118702724 1.7225824373475456
3 151.6 -222.81118339041348 1.9278521397667605
3 151.6 -230.1459570660304 3.2266653991019347
3 151.6 -238.4040585289579 1.7580478962777382
3 151.6 -244.92499453255613 3.270941512163705
3 151.6 -253.23474966298645 3.0534204974760075
3 151.6 -260.55321426197287 1.8770325896305529
3 151.6 -267.89194771641775 1.642899037994736
3 151.6 -280.94525968462216 7.810369643020161
1 1.6 -196.5783222846551 1.5195405974109732
1 1.6 -202.3660683800143 1.9004075548615147
1 1.6 -208.67897462352013 1.0168461504430986
1 1.6 -214.22081980409553 0.4180246660413421
1 1.6 -219.24838327281475 0.7517468346273861
1 1.6 -224.5175063409347 0.8205732709620639
1 1.6 -229.7534199539823 2.4248437654167665
1 1.6 -236.71976715607653 0.8638556822456473
1 1.6 -242.38119197755196 1.2576993245852968
1 1.6 -248.38727980098122 2.0012880187821205
1 1.6 -254.6193026870617 0.826887246460366
1 1.6 -260.8859487747685 1.8735096911985378
1 1.6 -269.81792770428467 5.809296766711808
1 1.6 -288.6795994677654 9.791177029658177
1 1.6 288.30547245369127 11.665004536831189
1 1.6 269.0676871579215 11.772596388451777
1 1.6 238.30009185883557 9.039489407713916
1 1.6 142.0594226825781 2.381826640569498
1 1.6 134.705860613805 1.9737945550479763
1 1.6 56.835078620421896 10.086495534270945
1 1.6 41.63302939885058 10.634892704297876
1 1.6 -8.105868714178428 0.004775018032373564
1 1.6 -12.341108785044327 0.36269672401270203
1 1.6 -30.672745642491137 9.575581318036555
1 1.6 -49.17831371265626 12.617891213623807
1 1.6 -69.02113480836088 11.84663452873614
1 1.6 -88.82332688958444 11.82965067140736
1 1.6 -158.152952 0.0
1 1.6 -162.437904 0.0
1 1.6 -166.722856 0.0
1 1.6 -171.0385484794044 0.42709694221603467
1 1.6 -177.96397947287457 4.000420089034684
1 1.6 -187.73542291213772 3.8828012486225854
11 -82.83649724240847 -151.6 0.8608907838896869
11 -88.48580243860994 -151.6 0.8228008632251697
11 -93.82771102695781 -151.6 1.6459652724527414
11 -99.790334180337 -151.6 1.583678406029574
11 -105.90107864875326 -151.6 0.7048785333546468
11 -111.00313218794625 -151.6 0.9934847551454551
11 -116.6948605478085 -151.6 0.8693645509679506
11 -121.8756138207525 -151.6 3.064948892242035
11 -148.0008 -151.6 10.0
11 376.3843446275138 -151.6 10.939818099214893
11 357.9369564902575 -151.6 9.73605768207728
11 292.256100902591 -151.6 0.0
11 288.18719690259104 -151.6 0.0
11 225.7346892658348 -151.6 11.887357549520159
11 207.11832612983238 -151.6 11.094082462810915
11 142.26456475496718 -151.6 0.0
11 138.18873848337319 -151.6 0.008496464753167732
11 134.05915434422027 -151.6 0.09812899541393101
11 129.7842224795646 -151.6 0.3956793417073261
11 124.92248489099644 -151.6 3.7321316186429776
11 115.51863501836715 -151.6 4.171280645996385
11 29.10049705466142 -151.6 12.665814209613018
11 7.678879424300574 -151.6 8.658081049391539
11 -8.060625143682131 -151.6 4.831276992439396
11 -17.825511528904883 -151.6 2.295159883498216
11 -24.459700157480356 -151.6 0.8783051073464332
11 -29.583873733557 -151.6 0.0033205176410763086
11 -33.87686567194008 -151.6 0.020291306317712615
11 -38.18462217589003 -151.6 0.07544060382506443
11 -42.561358656203936 -151.6 0.023419483547230422
11 -47.01059668050371 -151.6 0.45419676326282543
11 -52.04687033023407 -151.6 2.1358961296675694
11 -58.53549722412042 -151.6 1.4118761060064762
11 -64.75944333033375 -151.6 1.492606823639314
11 -70.5309917153072 -151.6 1.3160426314550904
11 -76.61016451069112 -151.6 1.3089812407007666
