0 -155 -259.920332065367 13.0
0 -155 -247.5444483666669 13.0
0 -155 -220.61279580510444 13.0
0 -155 -190.63178249382656 13.0
0 -155 -160.46825401512936 13.0
0 -155 -132.0905118228719 13.0
0 -155 -102.19584528404383 13.0
0 -155 -65.81676743951121 13.0
0 -155 -29.09178827682385 13.0
0 -155 -11.334090681135223 12.97809242247089
0 -155 3.7923705981369267 12.891146879790753
0 -155 48.56157074618173 12.194803048515638
0 -155 59.52856817359705 12.35346560337577
0 -155 132.74917026680725 13.0
0 -155 157.19999999999902 13.0
0 -155 203.99999999999943 13.0
0 -155 217.4411632957303 13.0
0 -155 250.61652954123429 13.0
0 -155 264.77288961791754 12.973096915536468
0 -155 271.1044634267902 10.299999999999994
2 -5 -283.38947552659545 13.0
2 -5 -230.74197713253292 13.0
2 -5 -184.91361977546586 13.0
2 -5 -165.76108922433522 13.0
2 -5 -149.60650368457254 13.0
2 -5 -126.77635436539646 12.595677784974491
2 -5 -41.08664260862527 13.0
2 -5 -26.633889519476725 13.0
2 -5 -19.53628433137834 12.607812643765536
2 -5 -6.059771523650824 13.0
2 -5 6.789657399291997 12.725202632193653
2 -5 19.92403420217559 12.256852429671982
2 -5 36.58845173777439 12.998580277664354
2 -5 70.45002741799965 13.0
2 -5 93.81965922812003 13.0
2 -5 111.34245558433446 13.0
2 -5 119.68426107538284 12.333099040927939
2 -5 149.02067794976938 13.0
2 -5 156.06530581140322 13.0
2 -5 169.8273777669765 12.946651683053414
2 -5 183.89371455356667 12.23379632736037
2 -5 211.88393523779519 13.0
2 -5 228.69999999999965 13.0
2 -5 249.88321274107517 13.0
2 -5 265.00576313573 11.396675129439481
4 145 -277.14830370579114 13.0
4 145 -268.82866299126607 13.0
4 145 -224.16402012231922 13.0
4 145 -209.59249577125888 13.0
4 145 -193.4005461662297 13.0
4 145 -177.41526506400805 13.0
4 145 -168.03300686576304 13.0
4 145 -155.81735708457907 13.0
4 145 -141.4240719404055 11.952976330816906
4 145 -82.34847466718509 13.0
4 145 -72.28185824256256 12.061191842506313
4 145 -61.74279606392575 11.11479106666763
4 145 -39.81769351815046 10.935174392578281
4 145 -28.85977821808129 13.0
4 145 39.410469989475985 13.0
4 145 91.68623686861545 9.402623714413087
4 145 110.79976196157412 13.0
4 145 122.27547460939746 13.0
4 145 141.92389465084233 13.0
4 145 157.62760317913495 13.0
4 145 168.53033760874985 13.0
4 145 188.9114450065635 13.0
4 145 197.14337703024694 11.988344281490543
4 145 222.5157114925829 13.0
4 145 240.82249198221797 13.0
4 145 275.3875822202057 10.078587444128123
4 145 281.1405197263115 12.399999999999999
6 -289.611679286353 155 13.0
6 -259.6913908868536 155 13.0
6 -244.02421361236048 155 13.0
6 -230.25744944756855 155 13.0
6 -205.4590091875535 155 13.0
6 -134.52392100855087 155 13.0
6 -66.85618965969978 155 11.473759404295246
6 -56.60352475089334 155 12.998027515411376
6 -32.56829330918937 155 12.399482677972221
6 -18.190117038395073 155 13.0
6 3.059605606609267 155 13.0
6 16.61426431059502 155 13.0
6 31.605323885387634 155 12.47202172744017
6 39.52361746587056 155 12.976604632838457
6 98.20364531089152 155 10.32135421943939
6 117.10466825160552 155 13.0
6 126.79022998651925 155 13.0
6 137.20152055293124 155 12.98141680937614
6 167.13532290626182 155 13.0
6 197.23621499589837 155 13.0
6 240.88202452988492 155 13.0
6 257.1263794660329 155 12.552376174658
6 274.2027447479063 155 13.0
6 287.5662330010152 155 12.572936851059278
8 -290.512882525685 5 13.0
8 -251.7366388044203 5 13.0
8 -214.21143082020072 5 13.0
8 -178.64781062136598 5 13.0
8 -163.8398859124922 5 13.0
8 -148.63719920509735 5 12.584239469872452
8 -139.17361793173464 5 13.0
8 -122.0349086984055 5 13.0
8 -106.13454216919983 5 12.885626834157103
8 -94.38043200023353 5 11.781188637565034
8 -60.433004708403956 5 13.0
8 -43.63772865574069 5 13.0
8 -22.601811302803284 5 12.368717611670176
8 18.56293597215037 5 11.885618221734454
8 42.80000272750664 5 13.0
8 68.53241058762984 5 12.995719751211835
8 117.54965275844779 5 13.0
8 131.0445423013066 5 13.0
8 146.63680671929825 5 13.0
8 155.17579953845802 5 13.0
8 171.49999999999915 5 13.0
8 186.80314240410473 5 11.53686512423554
8 197.97531210654398 5 13.0
8 212.1389416535979 5 11.79393123310599
8 224.25267869268623 5 12.30555207245322
8 295.77292980415774 5 11.126750620709737
10 -295.9193323285007 -145 13.0
10 -263.5547239639648 -145 13.0
10 -251.2007996436191 -145 13.0
10 -223.92228512054436 -145 13.0
10 -214.61499288183256 -145 13.0
10 -190.3326563650673 -145 13.0
10 -160.651980402843 -145 13.0
10 -152.39175150022305 -145 13.0
10 -133.17442810892862 -145 13.0
10 -123.37129267979343 -145 13.0
10 -105.00928132688783 -145 13.0
10 -84.68094761898841 -145 13.0
10 -67.99288338702745 -145 11.752120635725639
10 -35.71119733434698 -145 12.017108687198508
10 -17.627049559139778 -145 12.693627225943912
10 0.9243212081235583 -145 13.0
10 29.42096589690817 -145 13.0
10 39.542641742950195 -145 13.0
10 55.65090468563898 -145 13.0
10 86.03394281642954 -145 13.0
10 107.47508211070038 -145 9.752772061561062
10 155.5868566944166 -145 12.91624495013082
10 168.1379995720613 -145 12.162340000168312
10 174.93566347783127 -145 11.707506465734514
10 193.15681671172882 -145 13.0
10 211.68285146170274 -145 11.348490157069833
10 282.0209300068888 -145 13.0
10 300 -145 10.0
5 155 294.8805072072993 13.0
5 155 228.27048942934022 13.0
5 155 210.0357095849119 13.0
5 155 188.0833514290169 13.0
5 155 167.7176544586774 13.0
5 155 154.5489250142951 13.0
5 155 102.3951601843919 13.0
5 155 83.21585732072586 13.0
5 155 64.61223784226519 13.0
5 155 58.00804841117119 13.0
5 155 33.53833845458236 11.158571740061138
5 155 21.43623146445873 12.216854142035709
5 155 -45.28760238992538 13.0
5 155 -58.80624487014373 13.0
5 155 -74.81803320394798 12.245989638182945
5 155 -90.45644390573997 10.361668752305823
5 155 -100.81243859613318 13.0
5 155 -112.93401265192267 12.975163794401281
5 155 -121.21378169206281 13.0
5 155 -151.90620807184695 12.237220719660167
5 155 -191.94837638475582 13.0
5 155 -208.0376092282997 12.468545093173649
5 155 -216.36228792614844 13.0
5 155 -287.5260746969293 12.300293037995374
5 155 -298.985 10.3
3 5 274.8186500409897 13.0
3 5 259.5451403309533 13.0
3 5 243.33140020945513 13.0
3 5 205.98443899541107 13.0
3 5 185.56691356095212 13.0
3 5 135.96056622060905 13.0
3 5 21.367827788324774 13.0
3 5 -69.33463156473141 13.0
3 5 -76.87987780843591 12.533169381587074
3 5 -90.62144390666663 13.0
3 5 -112.31113048435253 10.966146512135744
3 5 -153.17630988650996 13.0
3 5 -241.2570294850084 13.0
3 5 -255.55580152040943 11.768212174047052
3 5 -272.90000000000003 13.0
3 5 -298.985 10.3
1 -145 290.4610949121484 13.0
1 -145 280.1264819834037 13.0
1 -145 260.18558092880517 13.0
1 -145 247.82102381857152 13.0
1 -145 232.29276598114052 13.0
1 -145 224.38911292200441 13.0
1 -145 188.1872906016499 13.0
1 -145 130.05244504178165 13.0
1 -145 119.14279736918384 13.0
1 -145 103.84725232791924 13.0
1 -145 94.49288897665005 13.0
1 -145 87.00229980887 12.597317478821742
1 -145 62.963744496971245 10.961351734055517
1 -145 -9.013208262327652 13.0
1 -145 -58.96631717966335 13.0
1 -145 -89.02344174171549 12.312333226411651
1 -145 -109.6079302229594 13.0
1 -145 -189.21117224485835 12.339041866215894
1 -145 -196.46260568194083 12.598107323863216
1 -145 -215.33345359353677 13.0
1 -145 -227.74729053414353 13.0
1 -145 -259.2455908155068 10.945771560597649
1 -145 -270.1966422602 11.268328302073344
1 -145 -286.4220374844492 12.60452572877541
1 -145 -297.9400016152859 10.599967694282533
11 299.6582545501447 -155 13.0
11 279.86922380383913 -155 13.0
11 250.13189954115086 -155 13.0
11 235.9478376577841 -155 13.0
11 221.21365650510663 -155 13.0
11 205.49620880099283 -155 13.0
11 138.54440870692986 -155 13.0
11 85.60888680926844 -155 12.734404521674914
11 76.81327486073856 -155 13.0
11 56.594651188795154 -155 13.0
11 35.76302801522202 -155 13.0
11 16.19590839812585 -155 12.7
11 -2.265140976975715 -155 13.0
11 -17.963962202180795 -155 12.794057127143438
11 -25.798332411430437 -155 13.0
11 -42.89947977138996 -155 13.0
11 -56.4495547395378 -155 13.0
11 -68.4904868395214 -155 13.0
11 -90.95893411789282 -155 11.60201084962074
11 -129.19253044968883 -155 13.0
11 -136.3707870798022 -155 12.86924495901001
11 -158.14599948413462 -155 13.0
11 -164.68614343042907 -155 12.99111216838879
11 -223.07482061723334 -155 11.71801671086634
11 -234.69700951287473 -155 13.0
11 -251.6061086932648 -155 12.258259977643993
11 -264.57840189263686 -155 10.843601237725844
9 281.1160249996782 -5 13.0
9 260.79424529224116 -5 13.0
9 235.28847804784377 -5 13.0
9 188.96675074465355 -5 13.0
9 175.33550233203712 -5 13.0
9 160.11621752920954 -5 13.0
9 134.73672584944538 -5 13.0
9 108.52981310810742 -5 11.703734345845834
9 93.59384675055793 -5 11.625553083236563
9 78.99329469330402 -5 12.551332733101546
9 64.12536523774746 -5 13.0
9 54.75289230410969 -5 11.442099109274196
9 -10.47334048788045 -5 13.0
9 -23.4058648024388 -5 12.245352366591652
9 -37.48510560974552 -5 12.7833335425396
9 -90.24964655614434 -5 10.844589173943804
9 -111.19927547397259 -5 11.369693558555388
9 -123.31750429686707 -5 12.063476032818658
9 -156.40568376198758 -5 12.777496700311398
9 -171.6209158876328 -5 12.889371383958629
9 -184.95068016822296 -5 13.0
9 -204.53297109082706 -5 12.721363975477107
9 -270.3071361897281 -5 13.0
9 -283.4323013507624 -5 13.0
9 -295.9405105352402 -5 9.996596431732177
7 269.64501674463224 145 13.0
7 247.44032207710077 145 13.0
7 229.82364071370597 145 13.0
7 213.9702479368196 145 13.0
7 192.41564025816018 145 13.0
7 186.997573337795 145 13.0
7 172.64504030332654 145 13.0
7 156.35359374933836 145 13.0
7 82.88014168575873 145 13.0
7 75.56519317798723 145 11.859999980926514
7 36.72020093763274 145 13.0
7 -51.569795749499264 145 11.580575495807675
7 -112.42947013481626 145 13.0
7 -120.00012047094907 145 12.45780277686192
7 -133.06685722439204 145 13.0
7 -151.59570719710018 145 13.0
7 -179.23319513035563 145 13.0
7 -191.4206783149711 145 13.0
7 -287.0684959795287 145 9.61214226812943
