3 130.43147038910658 -5 13.0
3 118.67020015927181 -5 13.0
3 85.06265579500922 -5 13.0
3 47.13506297755695 -5 13.0
3 -4.038079248389372 -5 12.877122994006044
3 -17.079470531707468 -5 12.212858415333761
3 -29.42629981148267 -5 12.64700771798666
3 -49.307132463737524 -5 12.186677923588622
3 -63.33360888224217 -5 12.351403749833743
3 -91.54179965049514 -5 13.0
3 -109.70899042406998 -5 11.157232775186305
3 -142.78996759250376 -5 10.667516918157629
2 -147.17228237527047 5 13.0
2 -120.71957106156948 5 13.0
2 -112.5435760366938 5 13.0
2 -82.29629757749899 5 13.0
2 -57.410307449088556 5 13.0
2 -10.88076848681331 5 13.0
2 9.589324062299243 5 12.644305109640758
2 86.47320673613805 5 11.549900720305068
2 96.05226891362918 5 12.790954770350327
2 109.58176782010783 5 13.0
2 121.1656177108191 5 10.13009381523972
2 150 5 10.0
0 5 100.66268768501192 13.0
0 5 83.19932632117663 13.0
0 5 55.38298163330535 13.0
0 5 29.10466738552712 13.0
0 5 -6.950938182362315 13.0
0 5 -21.137240945222665 13.0
0 5 -33.16672106490274 12.905446004360778
0 5 -48.22733984852056 13.0
0 5 -68.22439984142913 13.0
0 5 -82.13935116047406 10.560653985991863
0 5 -91.00514311243263 10.2627111606027
0 5 -115.49865200806354 13.0
0 5 -128.67609959062048 8.191598693507919
1 -5 -119.03789524491468 13.0
1 -5 -87.42719737312213 13.0
1 -5 -78.51020389307567 13.0
1 -5 -65.06038031932088 13.0
1 -5 -22.089704833021212 13.0
1 -5 13.067055059659786 12.631385132962926
1 -5 26.13790030180378 12.20527924058228
1 -5 32.16400679658258 12.208126580634199
1 -5 59.24985947387485 12.740339968448616
1 -5 66.74923790336842 11.534124301540754
1 -5 92.48788755579409 13.0
1 -5 114.1273490385792 10.835519577276143
1 -5 124.15245023693309 10.453905785528057
